Structure	none	Missing	Alpha helix	Beta bridge	Beta ladder	3/10 helix	5-helix	H-bonded turn	Bend
4o48	34	0	68	1	22	4	0	14	13
1b57	33	0	88	0	28	6	0	16	11
1qq2	39	0	40	4	39	7	0	23	21
1dth	42	0	67	2	39	7	0	26	19
1m7p	54	0	93	2	36	13	0	31	17
1ukw	41	0	186	5	57	33	5	31	21
2raj	53	0	234	0	34	10	0	30	21
2p53	66	0	100	6	103	18	0	52	37
5rfd	75	0	69	7	82	10	0	46	15
1ifu	43	0	89	7	53	13	5	29	19
3wx4	11	0	45	0	24	7	0	8	3
1hg2	40	0	166	0	0	6	0	24	27
3ib7	76	0	70	6	74	6	0	29	34
1nmz	28	0	97	0	30	6	0	27	21
2rl2	90	0	126	12	103	21	0	36	32
1a72	81	0	82	6	93	23	5	41	43
1bkz	29	0	0	1	73	3	0	18	11
4cvt	24	0	122	0	0	0	0	8	3
2xz2	7	0	10	0	0	3	0	2	0
1cpj	73	0	49	13	48	12	0	29	29
3tgs	74	0	25	4	47	0	0	10	24
6cso	14	0	25	2	8	3	0	4	6
3ulh	15	0	20	0	33	0	0	10	6
1pzw	18	0	34	2	6	0	0	5	15
3gi4	20	0	4	0	53	0	0	12	10
1a4b	27	0	15	3	43	9	0	20	12
1eye	12	0	13	0	12	0	0	4	5
19hc	89	0	101	3	14	14	0	28	43
1h0c	34	0	50	1	10	4	0	4	14
1b7e	7	0	16	0	9	0	0	2	1
3bac	53	0	77	7	67	0	0	19	32
1d0q	23	0	36	0	17	3	0	16	7
1juv	38	0	39	2	72	3	0	24	15
3zof	31	0	18	7	74	6	0	27	15
1i49	8	0	175	0	0	0	6	9	3
4z5z	71	0	58	8	67	15	0	48	41
1btm	48	0	117	3	36	6	0	25	16
2pih	8	0	107	2	0	0	0	5	1
7d83	13	0	24	0	29	4	0	9	5
1gv3	33	0	88	2	21	19	7	25	18
5bj4	8	0	4	0	0	0	0	1	0
4p16	43	0	72	0	90	8	0	35	23
1at0	20	0	0	2	87	6	0	23	7
1gpr	36	0	8	6	55	9	0	20	24
5hbi	13	0	100	0	0	22	0	10	0
4cwd	78	0	102	3	109	12	0	42	39
4fgw	61	0	166	5	50	3	5	39	24
2imt	19	0	111	0	0	12	0	14	7
4wpe	19	0	235	2	0	3	8	3	5
1mi8	18	0	0	0	54	6	0	20	2
1m6d	59	0	52	9	40	12	0	21	20
3naq	75	0	115	5	55	21	0	48	32
4yzg	46	0	102	3	78	8	0	33	24
1g99	68	0	147	2	77	20	0	42	42
4rfp	26	0	49	3	8	9	0	13	13
3r2v	23	0	57	0	24	8	0	16	10
2i4z	32	0	169	0	13	9	0	23	24
2p09	13	0	25	0	14	0	0	8	9
3u2g	43	0	0	9	153	10	0	42	17
3w5z	8	0	31	1	29	0	0	9	2
2hqv	7	0	17	0	0	0	0	2	1
1bdo	19	0	0	0	36	0	0	12	13
1uuf	58	0	56	5	72	16	0	35	25
1p6o	31	0	71	0	29	0	0	18	7
1oi2	26	0	66	6	44	3	0	24	16
6ftq	40	0	47	1	45	3	0	20	13
3cxk	34	0	16	1	38	9	0	18	15
1bbh	18	0	86	4	0	11	0	8	4
1asu	34	0	65	0	27	3	0	12	21
1c8t	42	0	40	0	27	3	0	13	42
3ot2	42	0	40	4	43	9	0	26	15
1alu	6	0	27	0	0	0	0	0	0
1ge7	33	0	88	2	11	6	0	12	15
2vtk	12	0	49	0	15	6	5	5	12
1m38	63	0	37	5	82	20	0	48	27
4cmd	61	0	96	3	83	13	0	36	30
1f05	56	0	176	2	36	15	0	18	19
4zvl	47	0	72	8	31	15	8	31	18
1hpc	23	0	28	3	44	6	0	17	10
3euo	68	0	137	2	83	31	5	30	23
1cei	15	0	46	2	0	3	0	10	9
1asb	86	0	170	4	47	8	0	54	27
3h65	55	0	151	1	43	33	5	30	27
5c94	21	0	11	2	59	6	0	12	5
2b18	23	0	61	2	34	3	0	18	14
1mk4	27	0	38	2	46	6	0	25	13
3f4d	70	0	120	2	46	25	10	37	14
1ang	20	0	25	2	39	7	0	15	15
1nxp	17	0	58	2	24	0	0	7	10
1am2	17	0	0	0	63	9	0	18	5
1ok9	82	0	0	8	101	3	0	39	21
5abr	25	0	18	1	19	6	7	23	5
4z04	26	0	25	1	45	3	0	16	8
3rzn	31	0	121	2	0	18	0	24	10
1bcg	20	0	16	3	17	0	5	8	5
4fum	19	0	0	3	24	0	0	7	1
5hke	66	0	50	10	93	10	0	37	33
4nak	6	0	0	0	6	0	0	0	0
2o4c	79	0	141	4	58	18	0	52	28
1c1f	29	0	0	2	77	3	0	14	10
2dfj	56	0	79	1	46	15	0	44	26
1a8l	37	0	87	1	51	6	0	26	18
1edt	50	0	76	1	68	15	0	33	22
1ai2	85	0	153	3	79	9	5	47	33
